$ANSIBLE_VAULT;1.1;AES256
38373234363863303861353035396530393661613765626236363834303930366531376632353630
3131366232383739363130663539396264643133366662300a363932353963663861386435613638
36396237666461373732353239336161633064373831346262663865303064393231313830666630
6631393331376638610a353634383930633138303862663437356337326235363964363130326133
32346666333530633534393064376434616336643638626235383362646335346234336639663361
64663930313364666465386165666164656138343163363862366636323733343661333131326439
32316635643831353737336166316261396133303136353364616436333330316533616637383233
39653731313239626665363139646535626661323235373166373832366663356631636362373734
35633562666437653437356462616335646338653536366136356261376331343735643338626239
33653265653166383261653635336563646361656361643936646530616239663733343034333836
35363931333035356133353533643466373932376439313465356664643633326561373638613261
32336361376333303535316465363364366632613632353935373330623161633430333461353030
39353332343032316237663333353765323465613666653333353865316330373834373137336531
63666638376633333133323937333831316437323639653939653532653836353137343731353839
35633539306665333137306638616634643730656433393739633963303961626639393362623561
39316533376631343530366564623233656466633161316530376437396236323764346333666632
35346366313261366165323431316136363366343966333234333763643338313237336231386539
39356431366465633034613564373738353762366162373839336166323761663134656136333135
64643963353932336164643861653032373935363239383038333932343433626562613434343330
37393535363261393064363462653839383333346130653066346466643336656663383335333832
35316539626465316665666266353738343865333965303830633538636363303337373431313261
63306164653364633633326235346266633930333739306633643861336438366636653931316262
35326432373838386435303561363364336435343932656435356164643765363734616361643031
37336538396264643866333165373434373637336461303432316436623637336239386139353962
3665
